0.407
0.241
0.268
0.251
0.346
0.344
0.367
0.339
0.362
0.219
0.239
0.367
0.178
0.219
0.290
0.372
0.358
0.229
0.238
0.274
0.214
0.199
0.269
0.256
0.230
0.275
0.373
0.476
0.421
0.360
0.365
0.346
0.201
0.400
0.444
0.238
0.317
0.279
0.290
0.363
0.299
0.188
0.395
0.192
0.253
0.428
0.381
0.341
0.353
0.247
0.202
0.295
0.264
0.248
0.408
0.275
0.295
0.495
0.216
0.280
0.298
0.279
0.278
0.310
0.319
0.175
0.198
0.198
0.322
0.261
0.408
0.190
0.215
0.287
0.188
0.424
0.270
0.172
0.494
0.301
0.260
0.254
0.204
0.224
0.318
0.248
0.241
0.238
0.253
0.415
0.207
0.159
0.409
0.584
0.203
0.321
0.252
0.603
0.304
0.206
0.317
0.211
0.246
0.251
0.165
0.424
0.209
0.329
0.381
0.350
0.335
0.242
0.197
0.237
0.283
0.221
0.266
0.383
0.380
0.235
0.281
0.261
0.263
0.248
0.233
0.335
0.327
0.260
0.321
0.232
0.318
0.278
0.242
0.179
0.235
0.274
0.250
0.207
0.313
0.266
0.294
0.318
0.227
0.185
0.251
0.264
0.220
0.226
0.248
0.369
0.236
0.228
0.303
0.198
0.240
0.245
0.325
0.227
0.226
0.199
0.283
0.256
0.266
0.242
0.201
0.356
0.447
0.392
0.334
0.230
0.221
0.210
0.295
0.287
0.215
0.339
0.286
0.291
0.168
0.282
0.183
0.280
0.174
0.251
0.428
0.208
0.195
0.191
0.194
0.274
0.189
0.263
0.358
0.230
0.275
0.335
0.293
0.303
0.170
0.273
0.347
0.261
0.328
0.427
0.145
0.270
0.379
0.173
0.216
0.412
0.189
0.210
0.198
0.206
0.250
0.196
0.282
0.318
0.230
0.277
0.283
0.293
0.294
0.285
0.221
0.239
0.199
0.204
0.243
0.167
0.233
0.292
0.317
0.288
0.194
0.235
0.288
0.241
0.255
0.249
0.223
0.203
0.196
0.196
0.280
0.337
0.218
0.253
0.220
0.346
0.199
0.394
0.206
0.406
0.367
0.229
0.276
0.198
0.267
0.192
0.405
0.277
0.210
0.232
0.190
0.466
0.290
0.214
0.294
0.287
0.201
0.248
0.177
0.278
0.281
0.211
0.178
0.348
0.294
0.290
0.317
0.161
0.165
0.197
0.215
0.206
0.259
0.265
0.214
0.251
0.241
0.241
0.267
0.187
0.296
0.253
0.183
0.207
0.187
0.173
0.145
0.224
0.211
0.267
0.187
0.316
0.156
0.273
0.308
0.246
0.218
0.250
0.185
0.308
0.267
0.279
0.304
0.267
0.316
0.191
0.209
0.318
0.190
0.215
0.334
0.324
0.237
0.298
0.227
0.345
0.349
0.184
0.192
0.346
0.243
0.166
0.251
0.178
0.305
0.233
0.225
0.274
0.209
0.287
0.266
0.208
0.221
0.309
0.257
0.308
0.196
0.256
0.210
0.195
0.200
0.172
0.302
0.219
0.351
0.275
0.173
0.266
0.324
0.222
0.226
0.191
0.246
0.238
0.221
0.320
0.258
0.170
0.331
0.367
0.243
0.222
0.374
0.209
0.204
0.272
0.279
0.367
0.274
0.240
0.296
0.186
0.374
0.231
0.254
0.338
0.356
0.183
0.174
0.243
0.208
0.337
0.310
0.172
0.338
0.215
0.228
0.235
0.404
0.287
0.295
0.216
0.155
0.196
0.212
0.260
0.188
0.233
0.481
0.248
0.321
0.208
0.305
0.197
0.229
0.157
0.359
0.191
0.154
0.228
0.218
0.232
0.227
0.156
0.289
0.283
0.304
0.307
0.167
0.166
0.234
0.316
0.242
0.280
0.230
0.338
0.208
0.223
0.298
0.152
0.277
0.344
0.194
0.341
0.303
0.238
0.185
0.347
0.316
0.168
0.269
0.238
0.332
0.290
0.442
0.159
0.167
0.210
0.153
0.219
0.226
0.431
0.255
0.330
0.199
0.329
0.221
0.185
0.219
0.353
0.355
0.235
0.357
0.263
0.278
0.303
0.189
0.252
0.471
0.272
0.207
0.211
0.198
0.214
0.305
0.317
0.266
0.266
0.190
0.229
0.258
0.326
0.230
0.273
0.217
0.176
0.190
0.250
0.239
0.328
0.331
0.238
0.205
0.384
0.226
0.268
0.177
0.193
0.166
0.234
0.235
0.235
0.297
0.219
0.217
0.147
0.156
0.283
0.317
0.214
0.220
0.150
0.193
0.176
0.209
0.264
0.214
0.217
0.204
0.361
0.212
0.192
0.143
0.159
0.232
0.215
0.173
0.313
0.152
0.159
0.246
0.302
0.172
0.223
0.166
0.281
0.168
0.229
0.204
0.325
0.385
0.193
0.214
0.228
0.329
0.249
0.269
0.151
0.194
0.220
0.310
0.290
0.294
0.194
0.301
0.268
0.172
0.271
0.251
0.259
0.244
0.170
0.177
0.210
0.199
0.230
0.210
0.219
0.226
0.170
0.216
0.207
0.209
0.383
0.260
0.335
0.223
0.313
0.201
0.149
0.278
0.236
0.418
0.194
0.232
0.204
0.302
0.177
0.239
0.252
0.171
0.172
0.233
0.291
0.292
0.167
0.262
0.166
0.168
0.205
0.239
0.225
0.186
0.169
0.174
0.214
0.190
0.208
0.206
0.188
0.243
0.193
0.159
0.194
0.233
0.254
0.171
0.256
0.163
0.396
0.205
0.199
0.152
0.253
0.206
0.241
0.169
0.264
0.279
0.277
0.182
0.250
0.233
0.184
0.406
0.177
0.271
0.254
0.195
0.243
0.223
0.421
0.231
0.202
0.407
0.144
0.199
0.244
0.300
0.211
0.274
0.355
0.187
0.155
0.194
0.171
0.248
0.231
0.220
0.286
0.178
0.261
0.249
0.310
0.416
0.193
0.155
0.152
0.164
0.227
0.223
0.225
0.172
0.269
0.224
0.306
0.125
0.153
0.181
0.132
0.159
0.274
0.231
0.268
0.321
0.215
0.235
0.204
0.214
0.304
0.160
0.154
0.171
0.221
0.200
0.147
0.262
0.200
0.244
0.177
0.248
0.181
0.246
0.179
0.193
0.229
0.134
0.217
0.165
0.232
0.181
0.170
0.276
0.199
0.230
0.193
0.268
0.183
0.194
0.211
0.242
0.302
0.230
0.200
0.168
0.392
0.231
0.119
0.234
0.286
0.239
0.250
0.204
0.285
0.181
0.159
0.340
0.309
0.299
0.166
0.168
0.262
0.177
0.189
0.223
0.287
0.180
0.314
0.200
0.284
0.190
0.253
0.419
0.207
0.178
0.191
0.124
0.349
0.197
0.317
0.283
0.268
0.233
0.218
0.228
0.212
0.290
0.143
0.235
0.200
0.258
0.262
0.232
0.215
0.260
0.202
0.179
0.220
0.173
0.253
0.204
0.197
0.243
0.186
0.278
0.183
0.268
0.324
0.213
0.259
0.218
0.228
0.189
0.338
0.166
0.263
0.226
0.168
0.167
0.180
0.286
0.244
0.149
0.203
0.239
0.194
0.190
0.165
0.210
0.229
0.246
0.252
0.197
0.174
0.225
0.218
0.242
0.206
0.236
0.326
0.236
0.236
0.291
0.203
0.249
0.431
0.129
0.198
0.229
0.198
0.265
0.240
0.280
0.254
0.264
0.294
0.258
0.388
0.247
0.178
0.216
0.198
0.160
0.255
0.195
0.206
0.221
0.193
0.222
0.214
0.257
0.307
0.166
0.222
0.181
0.127
0.184
0.153
0.207
0.156
0.225
0.294
0.295
0.196
0.210
0.245
0.168
0.226
0.229
0.132
0.218
0.144
0.213
0.237
0.175
0.176
0.168
0.232
0.193
0.189
0.213
0.218
0.172
0.316
0.202
0.205
0.231
0.311
0.184
0.294
0.228
0.198
0.169
0.209
0.229
0.293
0.137
0.215
0.235
0.244
0.291
0.173
0.351
0.155
0.191
0.244
0.134
0.282
0.255
0.179
0.232
0.194
0.199
0.200
0.120
0.315
0.205
0.171
0.225
0.218
0.200
0.144
0.187
0.124
0.217
0.163
0.171
0.174
0.222
0.222
0.262
0.209
0.165
0.123
0.151
0.327
0.231
0.176
0.311
0.293
0.193
0.199
0.249
0.177
0.203
0.193
0.228
0.163
0.147
0.342
0.528
0.224
0.179
0.171
0.177
0.214
0.243
0.180
0.227
0.191
0.142
0.279
0.227
0.210
0.189
0.117
0.170
0.334
0.236
0.168
0.300
0.109
0.245
0.276
0.188
0.234
0.342
0.147
0.203
0.134
0.197
0.158
0.148
0.200
0.147
0.181
0.154
0.216
0.259
0.151
0.174
0.160
0.179
0.170
0.219
0.200
0.152
0.195
0.172
0.301
0.193
0.149
0.211
0.161
0.181
0.265
0.149
0.180
0.159
0.227
0.199
0.209
0.269
0.271
0.209
0.180
0.179
0.186
0.141
0.123
0.234
0.167
0.291
0.151
0.253
0.217
0.198
0.181
0.130
0.241
0.149
0.177
0.253
0.238
0.145
0.207
0.161
0.139
0.184
0.158
0.189
0.132
0.160
0.215
0.249
0.269
0.311
0.210
0.188
0.272
0.171
0.178
0.176
0.188
0.172
0.211
0.351
0.204
0.189
0.160
0.140
0.256
0.276
0.150
0.305
0.210
0.221
0.332
0.243
0.299
0.197
0.241
0.147
0.217
0.191
0.115
0.146
0.196
0.192
0.265
0.176
0.140
0.246
0.131
0.158
0.218
0.320
0.197
0.245
0.231
0.242
0.307
0.129
0.269
0.160
0.150
0.155
0.241
0.125
0.200
0.248
0.288
0.383
0.202
0.192
0.339
0.161
0.174
0.232
0.146
0.176
0.169
0.206
0.266
0.219
0.188
0.209
0.137
0.181
0.242
0.150
0.230
0.196
0.177
0.207
0.166
0.233
0.270
0.264
0.174
0.174
0.177
0.177
0.192
0.221
0.186
0.195
0.162
0.343
0.267
0.311
0.345
0.261
0.181
0.299
0.166
0.225
0.159
0.190
0.135
0.175
0.361
0.248
0.192
0.311
0.194
0.171
0.242
0.201
0.213
0.302
0.237
0.202
0.242
0.323
0.203
0.187
0.343
0.238
0.186
0.216
0.240
0.199
0.190
0.231
0.179
0.245
0.159
0.155
0.183
0.142
0.161
0.266
0.181
0.144
0.181
0.188
0.264
0.268
0.159
0.227
0.186
0.179
0.230
0.229
0.176
0.165
0.148
0.156
0.167
0.283
0.177
0.216
0.140
0.178
0.152
0.157
0.259
0.261
0.147
0.250
0.173
0.179
0.208
0.199
0.177
0.255
0.158
0.189
0.195
0.186
0.204
0.235
0.179
0.196
0.243
0.277
0.269
0.150
0.143
0.231
0.141
0.153
0.125
0.236
0.211
0.206
0.186
0.205
0.172
0.167
0.201
0.235
0.152
0.189
0.138
0.167
0.179
0.168
0.244
0.143
0.250
0.298
0.195
0.145
0.191
0.246
0.316
0.152
0.144
0.285
0.203
0.196
0.194
0.177
0.141
0.212
0.236
0.164
0.229
0.186
0.191
0.173
0.173
0.206
0.219
0.181
0.151
0.117
0.236
0.160
0.129
0.199
0.131
0.185
0.143
0.232
0.190
0.143
0.137
0.193
0.261
0.139
0.350
0.265
0.145
0.262
0.285
0.236
0.289
0.168
0.288
0.174
0.233
0.128
0.183
0.207
0.207
0.225
0.193
0.139
0.145
0.152
0.194
0.160
0.198
0.256
0.096
0.179
0.221
0.231
0.203
0.217
0.249
0.138
0.190
0.188
0.178
0.133
0.197
0.233
0.236
0.230
0.280
0.128
0.257
0.196
0.204
0.122
0.323
0.122
0.130
0.218
0.260
0.226
0.241
0.271
0.178
0.195
0.199
0.163
0.179
0.166
0.208
0.331
0.258
0.211
0.160
0.155
0.176
0.173
0.156
0.128
0.130
0.182
0.157
0.229
0.199
0.190
0.165
0.185
0.223
0.116
0.221
0.108
0.187
0.123
0.180
0.192
0.159
0.316
0.195
0.220
0.194
0.393
0.172
0.183
0.257
0.336
0.223
0.217
0.156
0.203
0.243
0.223
0.241
0.282
0.132
0.143
0.181
0.166
0.134
0.260
0.165
0.189
0.256
0.207
0.233
0.203
0.106
0.143
0.230
0.225
0.175
0.125
0.165
0.142
0.222
0.274
0.178
0.182
0.173
0.201
0.225
0.184
0.153
0.271
0.334
0.192
0.198
0.138
0.234
0.195
0.176
0.217
0.178
0.229
0.189
0.236
0.221
0.192
0.131
0.220
0.221
0.208
0.131
0.108
0.209
0.177
0.233
0.191
0.188
0.208
0.255
0.162
0.207
0.177
0.189
0.189
0.237
0.128
0.159
0.294
0.136
0.123
0.181
0.142
0.298
0.238
0.159
0.141
0.185
0.192
0.192
0.171
0.289
0.212
0.251
0.209
0.220
0.140
0.139
0.196
0.152
0.193
0.144
0.205
0.193
0.230
0.155
0.169
0.116
0.315
0.445
0.184
0.158
0.218
0.222
0.254
0.187
0.160
0.153
0.159
0.214
0.152
0.240
0.264
0.129
0.210
0.172
0.190
0.250
0.158
0.160
0.169
0.181
0.249
0.144
0.188
0.109
0.187
0.135
0.136
0.138
0.133
0.136
0.197
0.143
0.191
0.221
0.280
0.238
0.282
0.155
0.216
0.128
0.138
0.259
0.229
0.204
0.123
0.127
0.158
0.147
0.182
0.235
0.159
0.257
0.124
0.197
0.110
0.138
0.139
0.161
0.145
0.226
0.147
0.114
0.189
0.126
0.298
0.258
0.207
0.304
0.133
0.130
0.197
0.170
0.178
0.183
0.133
0.126
0.254
0.190
0.317
0.154
0.176
0.173
0.142
0.190
0.154
0.204
0.207
0.227
0.159
0.164
0.142
0.141
0.252
0.142
0.141
0.370
0.164
0.138
0.194
0.110
0.171
0.101
0.122
0.116
0.136
0.191
0.270
0.242
0.225
0.205
0.157
0.162
0.110
0.236
0.201
0.183
0.159
0.144
0.145
0.151
0.207
0.172
0.169
0.154
0.153
0.207
0.125
0.260
0.152
0.291
0.176
0.189
0.150
0.218
0.146
0.185
0.232
0.290
0.172
0.146
0.104
0.252
0.166
0.167
0.169
0.150
0.110
0.243
0.134
0.164
0.328
0.105
0.130
0.170
0.166
0.131
0.262
0.136
0.143
0.136
0.197
0.159
0.177
0.137
0.169
0.106
0.227
0.197
0.175
0.122
0.201
0.167
0.200
0.211
0.308
0.137
0.161
0.160
0.154
0.160
0.141
0.263
0.218
0.226
0.229
0.212
0.202
0.136
0.302
0.133
0.177
0.282
0.208
0.122
0.221
0.150
0.133
0.253
0.196
0.131
0.165
0.210
0.119
0.148
0.233
0.139
0.167
0.157
0.118
0.225
0.172
0.131
0.108
0.186
0.145
