0.900
0.612
0.676
0.710
0.860
0.874
0.914
0.832
0.963
0.564
0.919
0.941
0.502
0.812
0.472
0.793
0.932
0.880
0.827
0.668
0.665
0.629
0.759
0.657
0.722
0.819
0.964
0.964
0.956
0.745
0.882
0.740
0.751
0.966
0.948
0.719
0.943
0.552
0.861
0.724
0.931
0.473
0.816
0.883
0.818
0.838
0.916
0.908
0.740
0.436
0.920
0.733
0.814
0.905
0.963
0.825
0.924
0.813
0.914
0.536
0.748
0.571
0.873
0.888
0.673
0.658
0.862
0.625
0.925
0.561
0.957
0.641
0.894
0.782
0.685
0.885
0.862
0.672
0.947
0.886
0.685
0.790
0.633
0.711
0.879
0.664
0.832
0.529
0.763
0.961
0.442
0.450
0.861
0.975
0.797
0.664
0.747
0.976
0.813
0.694
0.894
0.520
0.696
0.879
0.540
0.973
0.811
0.816
0.560
0.779
0.766
0.712
0.864
0.839
0.853
0.718
0.625
0.930
0.965
0.818
0.744
0.586
0.900
0.711
0.442
0.828
0.954
0.748
0.724
0.839
0.884
0.902
0.623
0.637
0.781
0.854
0.726
0.818
0.748
0.889
0.767
0.793
0.835
0.560
0.950
0.767
0.598
0.875
0.691
0.751
0.655
0.783
0.761
0.867
0.617
0.752
0.837
0.792
0.626
0.439
0.539
0.736
0.805
0.853
0.378
0.858
0.924
0.924
0.925
0.885
0.510
0.842
0.823
0.888
0.825
0.965
0.953
0.935
0.716
0.695
0.557
0.933
0.636
0.583
0.966
0.703
0.908
0.520
0.840
0.689
0.770
0.794
0.932
0.495
0.546
0.802
0.749
0.894
0.815
0.448
0.840
0.783
0.933
0.891
0.381
0.849
0.896
0.665
0.924
0.806
0.588
0.561
0.365
0.384
0.776
0.442
0.425
0.820
0.563
0.882
0.856
0.871
0.714
0.668
0.783
0.612
0.811
0.834
0.520
0.558
0.447
0.746
0.647
0.821
0.708
0.429
0.903
0.747
0.905
0.863
0.533
0.559
0.318
0.620
0.368
0.874
0.714
0.734
0.797
0.781
0.433
0.958
0.496
0.837
0.950
0.578
0.733
0.845
0.753
0.862
0.218
0.930
0.847
0.577
0.557
0.833
0.772
0.748
0.774
0.954
0.878
0.765
0.423
0.424
0.835
0.633
0.800
0.919
0.965
0.786
0.822
0.784
0.697
0.778
0.869
0.690
0.564
0.939
0.875
0.396
0.616
0.689
0.869
0.503
0.743
0.466
0.752
0.561
0.923
0.641
0.792
0.632
0.598
0.931
0.723
0.785
0.511
0.757
0.913
0.715
0.833
0.895
0.861
0.901
0.807
0.927
0.882
0.752
0.889
0.609
0.858
0.727
0.445
0.735
0.937
0.826
0.719
0.792
0.680
0.884
0.773
0.546
0.794
0.958
0.550
0.342
0.742
0.469
0.913
0.656
0.594
0.958
0.453
0.844
0.878
0.656
0.806
0.843
0.766
0.895
0.649
0.901
0.754
0.750
0.899
0.480
0.903
0.808
0.903
0.838
0.786
0.798
0.746
0.798
0.671
0.655
0.635
0.835
0.940
0.933
0.843
0.777
0.220
0.914
0.653
0.920
0.916
0.589
0.724
0.813
0.618
0.893
0.939
0.896
0.945
0.747
0.910
0.764
0.743
0.921
0.915
0.654
0.731
0.757
0.780
0.873
0.793
0.518
0.899
0.897
0.858
0.646
0.962
0.877
0.764
0.506
0.731
0.442
0.751
0.905
0.702
0.569
0.885
0.612
0.869
0.711
0.915
0.863
0.630
0.562
0.882
0.869
0.651
0.841
0.910
0.403
0.880
0.426
0.868
0.758
0.903
0.560
0.643
0.582
0.586
0.858
0.931
0.640
0.849
0.834
0.693
0.837
0.745
0.663
0.930
0.912
0.579
0.851
0.822
0.659
0.622
0.870
0.940
0.596
0.741
0.832
0.799
0.847
0.956
0.748
0.559
0.793
0.493
0.700
0.558
0.962
0.866
0.789
0.568
0.951
0.724
0.765
0.563
0.915
0.930
0.408
0.907
0.717
0.895
0.881
0.524
0.858
0.954
0.728
0.873
0.881
0.742
0.805
0.746
0.841
0.936
0.755
0.336
0.869
0.491
0.869
0.929
0.801
0.674
0.661
0.763
0.697
0.873
0.891
0.813
0.530
0.708
0.888
0.737
0.943
0.695
0.476
0.308
0.700
0.425
0.256
0.763
0.878
0.859
0.730
0.628
0.915
0.860
0.688
0.376
0.732
0.713
0.675
0.830
0.809
0.797
0.548
0.790
0.875
0.924
0.434
0.670
0.731
0.870
0.743
0.599
0.942
0.565
0.599
0.714
0.961
0.895
0.781
0.766
0.828
0.450
0.696
0.800
0.850
0.915
0.438
0.712
0.667
0.901
0.545
0.894
0.506
0.631
0.866
0.933
0.832
0.939
0.736
0.599
0.949
0.648
0.762
0.555
0.875
0.881
0.533
0.792
0.659
0.399
0.573
0.646
0.822
0.674
0.790
0.798
0.697
0.772
0.947
0.488
0.958
0.801
0.886
0.742
0.631
0.885
0.643
0.951
0.909
0.490
0.783
0.937
0.812
0.909
0.923
0.770
0.759
0.894
0.898
0.888
0.645
0.770
0.533
0.309
0.780
0.783
0.938
0.742
0.673
0.565
0.725
0.865
0.692
0.698
0.768
0.744
0.819
0.294
0.291
0.863
0.759
0.670
0.732
0.665
0.946
0.871
0.710
0.679
0.820
0.630
0.574
0.791
0.862
0.961
0.467
0.484
0.855
0.489
0.774
0.924
0.724
0.738
0.744
0.865
0.720
0.805
0.946
0.894
0.722
0.901
0.627
0.868
0.774
0.669
0.853
0.936
0.775
0.455
0.823
0.802
0.756
0.914
0.927
0.778
0.468
0.289
0.682
0.773
0.788
0.907
0.736
0.257
0.473
0.449
0.672
0.868
0.760
0.814
0.779
0.798
0.902
0.687
0.398
0.848
0.313
0.584
0.764
0.743
0.646
0.934
0.800
0.768
0.827
0.695
0.739
0.807
0.718
0.816
0.740
0.813
0.645
0.930
0.634
0.920
0.563
0.836
0.459
0.794
0.862
0.530
0.764
0.507
0.816
0.670
0.885
0.684
0.715
0.917
0.668
0.745
0.780
0.847
0.538
0.674
0.840
0.896
0.846
0.951
0.757
0.842
0.897
0.847
0.230
0.821
0.797
0.782
0.776
0.772
0.846
0.826
0.448
0.935
0.913
0.708
0.499
0.406
0.692
0.727
0.637
0.753
0.890
0.700
0.911
0.484
0.898
0.455
0.405
0.904
0.759
0.667
0.827
0.868
0.945
0.686
0.815
0.872
0.870
0.879
0.695
0.850
0.750
0.808
0.527
0.880
0.907
0.889
0.820
0.820
0.764
0.800
0.900
0.720
0.714
0.804
0.854
0.893
0.820
0.861
0.690
0.916
0.649
0.925
0.835
0.742
0.888
0.848
0.754
0.561
0.920
0.629
0.697
0.894
0.824
0.653
0.819
0.498
0.875
0.461
0.643
0.608
0.791
0.621
0.787
0.921
0.868
0.693
0.860
0.648
0.389
0.837
0.669
0.774
0.812
0.789
0.896
0.697
0.855
0.957
0.815
0.815
0.947
0.711
0.711
0.919
0.800
0.883
0.798
0.929
0.851
0.880
0.917
0.942
0.958
0.816
0.775
0.870
0.850
0.507
0.778
0.803
0.876
0.535
0.779
0.562
0.893
0.916
0.896
0.808
0.569
0.515
0.404
0.901
0.369
0.658
0.733
0.822
0.894
0.298
0.933
0.489
0.916
0.411
0.721
0.948
0.432
0.782
0.421
0.768
0.791
0.864
0.550
0.602
0.885
0.745
0.858
0.803
0.562
0.780
0.927
0.652
0.536
0.627
0.874
0.475
0.716
0.837
0.736
0.921
0.832
0.686
0.822
0.755
0.936
0.712
0.788
0.959
0.781
0.881
0.655
0.839
0.882
0.550
0.870
0.869
0.899
0.809
0.675
0.328
0.867
0.671
0.950
0.765
0.833
0.837
0.569
0.792
0.271
0.693
0.672
0.718
0.539
0.416
0.831
0.857
0.805
0.866
0.799
0.468
0.827
0.717
0.737
0.801
0.759
0.945
0.911
0.727
0.752
0.812
0.883
0.811
0.685
0.710
0.649
0.731
0.899
0.909
0.868
0.670
0.844
0.893
0.882
0.850
0.663
0.817
0.315
0.265
0.773
0.741
0.681
0.394
0.631
0.706
0.877
0.604
0.877
0.842
0.804
0.709
0.913
0.774
0.742
0.874
0.367
0.402
0.677
0.719
0.763
0.452
0.663
0.626
0.719
0.681
0.865
0.829
0.608
0.633
0.671
0.684
0.286
0.627
0.391
0.407
0.514
0.533
0.837
0.850
0.528
0.834
0.787
0.486
0.775
0.470
0.761
0.754
0.908
0.605
0.839
0.776
0.774
0.681
0.351
0.631
0.564
0.310
0.410
0.871
0.403
0.855
0.480
0.938
0.739
0.571
0.803
0.507
0.852
0.678
0.844
0.845
0.742
0.517
0.347
0.861
0.475
0.657
0.676
0.705
0.546
0.723
0.863
0.742
0.930
0.807
0.921
0.576
0.800
0.446
0.595
0.612
0.259
0.804
0.301
0.961
0.704
0.865
0.432
0.782
0.898
0.785
0.457
0.944
0.938
0.750
0.937
0.818
0.915
0.807
0.904
0.613
0.827
0.887
0.830
0.469
0.813
0.577
0.886
0.667
0.706
0.778
0.378
0.530
0.793
0.951
0.768
0.790
0.730
0.598
0.910
0.591
0.847
0.365
0.851
0.749
0.814
0.596
0.738
0.907
0.888
0.935
0.521
0.741
0.884
0.635
0.804
0.811
0.360
0.503
0.778
0.267
0.735
0.772
0.770
0.561
0.814
0.232
0.889
0.310
0.860
0.770
0.914
0.692
0.806
0.827
0.616
0.894
0.700
0.725
0.735
0.850
0.612
0.680
0.626
0.733
0.577
0.927
0.835
0.907
0.920
0.917
0.694
0.644
0.457
0.682
0.614
0.468
0.715
0.682
0.937
0.766
0.776
0.818
0.816
0.826
0.865
0.693
0.673
0.949
0.792
0.752
0.693
0.939
0.741
0.834
0.889
0.871
0.774
0.773
0.714
0.758
0.544
0.868
0.523
0.795
0.555
0.319
0.780
0.817
0.786
0.392
0.834
0.733
0.788
0.791
0.867
0.835
0.513
0.658
0.629
0.575
0.704
0.826
0.875
0.755
0.629
0.519
0.833
0.928
0.531
0.686
0.561
0.531
0.642
0.635
0.921
0.902
0.638
0.914
0.854
0.608
0.682
0.778
0.785
0.181
0.686
0.743
0.652
0.461
0.623
0.779
0.703
0.322
0.845
0.570
0.947
0.207
0.778
0.913
0.893
0.468
0.283
0.646
0.654
0.718
0.313
0.686
0.635
0.243
0.574
0.725
0.405
0.261
0.366
0.761
0.493
0.433
0.934
0.590
0.897
0.890
0.913
0.347
0.706
0.931
0.763
0.415
0.385
0.867
0.792
0.607
0.623
0.694
0.700
0.447
0.852
0.792
0.694
0.468
0.559
0.501
0.914
0.720
0.897
0.700
0.670
0.734
0.852
0.697
0.421
0.830
0.738
0.578
0.477
0.825
0.774
0.678
0.544
0.755
0.391
0.289
0.880
0.786
0.698
0.815
0.865
0.629
0.850
0.353
0.907
0.844
0.948
0.603
0.809
0.810
0.561
0.886
0.882
0.556
0.880
0.676
0.760
0.388
0.833
0.915
0.197
0.635
0.793
0.815
0.659
0.451
0.931
0.383
0.893
0.499
0.881
0.442
0.807
0.902
0.874
0.539
0.925
0.574
0.913
0.832
0.937
0.528
0.959
0.637
0.673
0.810
0.917
0.775
0.731
0.875
0.662
0.867
0.732
0.766
0.644
0.636
0.805
0.863
0.867
0.868
0.711
0.709
0.480
0.830
0.413
0.706
0.786
0.782
0.459
0.791
0.597
0.627
0.223
0.804
0.881
0.611
0.891
0.362
0.824
0.445
0.260
0.865
0.654
0.919
0.514
0.833
0.932
0.887
0.246
0.617
0.786
0.861
0.702
0.886
0.696
0.815
0.857
0.582
0.771
0.799
0.378
0.211
0.253
0.775
0.314
0.636
0.622
0.554
0.847
0.637
0.791
0.766
0.485
0.771
0.676
0.899
0.766
0.381
0.700
0.293
0.902
0.796
0.651
0.491
0.765
0.904
0.940
0.661
0.531
0.928
0.843
0.776
0.788
0.354
0.942
0.872
0.481
0.802
0.717
0.855
0.840
0.931
0.793
0.653
0.721
0.713
0.629
0.601
0.326
0.454
0.877
0.465
0.875
0.638
0.274
0.878
0.857
0.534
0.799
0.756
0.868
0.355
0.806
0.235
0.678
0.794
0.802
0.505
0.766
0.576
0.909
0.798
0.787
0.748
0.824
0.733
0.835
0.792
0.952
0.484
0.871
0.720
0.809
0.510
0.176
0.664
0.819
0.751
0.741
0.695
0.823
0.768
0.674
0.556
0.358
0.916
0.942
0.778
0.781
0.796
0.809
0.811
0.766
0.416
0.349
0.624
0.714
0.271
0.808
0.537
0.554
0.921
0.880
0.786
0.810
0.806
0.249
0.929
0.510
0.857
0.242
0.642
0.676
0.242
0.663
0.591
0.442
0.735
0.730
0.703
0.703
0.661
0.790
0.813
0.861
0.677
0.635
0.839
0.735
0.858
0.826
0.753
0.773
0.341
0.223
0.301
0.651
0.821
0.863
0.803
0.816
0.404
0.776
0.370
0.772
0.651
0.674
0.568
0.906
0.772
0.511
0.705
0.421
0.961
0.787
0.743
0.899
0.846
0.450
0.721
0.909
0.833
0.756
0.733
0.611
0.796
0.859
0.861
0.720
0.665
0.741
0.777
0.791
0.693
0.659
0.876
0.820
0.779
0.569
0.712
0.543
0.853
0.662
0.281
0.915
0.883
0.754
0.612
0.720
0.655
0.456
0.638
0.267
0.548
0.749
0.859
0.819
0.742
0.622
0.716
0.856
0.272
0.866
0.820
0.698
0.377
0.788
0.218
0.672
0.737
0.621
0.714
0.574
0.606
0.788
0.684
0.930
0.647
0.841
0.725
0.635
0.292
0.943
0.528
0.812
0.791
0.869
0.596
0.400
0.295
0.911
0.665
0.465
0.540
0.756
0.528
0.765
0.278
0.626
0.871
0.426
0.236
0.585
0.660
0.312
0.930
0.730
0.442
0.823
0.755
0.684
0.663
0.563
0.633
0.311
0.726
0.684
0.779
0.397
0.814
0.666
0.332
0.747
0.939
0.631
0.685
0.609
0.783
0.820
0.259
0.852
0.735
0.822
0.840
0.692
0.816
0.716
0.886
0.708
0.894
0.902
0.765
0.530
0.762
0.706
0.368
0.548
0.718
0.584
0.736
0.850
0.734
0.725
0.866
0.872
0.315
0.821
0.728
0.872
0.723
0.334
0.303
0.704
0.632
