0.720
0.799
0.861
0.892
0.804
0.773
0.895
0.869
0.973
0.538
0.939
0.957
0.631
0.845
0.695
0.811
0.858
0.872
0.417
0.590
0.488
0.492
0.679
0.728
0.587
0.911
0.829
0.966
0.958
0.932
0.538
0.806
0.763
0.976
0.908
0.840
0.940
0.533
0.889
0.716
0.923
0.554
0.843
0.896
0.785
0.811
0.901
0.882
0.938
0.356
0.790
0.761
0.833
0.961
0.972
0.825
0.934
0.831
0.877
0.741
0.920
0.641
0.928
0.820
0.497
0.527
0.673
0.534
0.916
0.600
0.960
0.889
0.834
0.727
0.702
0.850
0.865
0.521
0.940
0.819
0.715
0.839
0.463
0.753
0.776
0.813
0.896
0.706
0.843
0.915
0.380
0.465
0.892
0.972
0.545
0.740
0.531
0.973
0.833
0.738
0.796
0.660
0.900
0.809
0.638
0.963
0.829
0.800
0.442
0.781
0.881
0.524
0.721
0.789
0.729
0.430
0.699
0.911
0.947
0.673
0.735
0.401
0.871
0.879
0.718
0.851
0.817
0.834
0.770
0.751
0.948
0.893
0.515
0.706
0.904
0.838
0.657
0.850
0.733
0.903
0.721
0.823
0.910
0.420
0.933
0.812
0.476
0.833
0.622
0.748
0.762
0.719
0.897
0.766
0.589
0.710
0.895
0.754
0.747
0.620
0.646
0.829
0.617
0.754
0.643
0.852
0.864
0.883
0.843
0.925
0.383
0.798
0.878
0.809
0.790
0.953
0.942
0.907
0.807
0.805
0.633
0.950
0.683
0.761
0.970
0.817
0.905
0.513
0.824
0.578
0.464
0.770
0.691
0.749
0.770
0.719
0.823
0.844
0.778
0.534
0.832
0.725
0.957
0.850
0.372
0.824
0.852
0.642
0.847
0.800
0.784
0.620
0.656
0.547
0.735
0.645
0.662
0.833
0.717
0.830
0.837
0.882
0.752
0.723
0.764
0.647
0.821
0.818
0.617
0.458
0.291
0.719
0.653
0.776
0.463
0.762
0.925
0.760
0.823
0.858
0.616
0.566
0.318
0.448
0.221
0.893
0.857
0.851
0.673
0.663
0.359
0.953
0.635
0.797
0.954
0.498
0.819
0.661
0.827
0.644
0.169
0.953
0.844
0.573
0.874
0.852
0.892
0.566
0.636
0.942
0.664
0.837
0.697
0.335
0.787
0.815
0.836
0.884
0.944
0.777
0.845
0.790
0.771
0.647
0.838
0.738
0.567
0.909
0.802
0.634
0.601
0.361
0.827
0.666
0.798
0.565
0.742
0.681
0.890
0.431
0.681
0.529
0.657
0.960
0.823
0.883
0.494
0.808
0.896
0.824
0.741
0.885
0.827
0.876
0.922
0.893
0.895
0.840
0.860
0.632
0.732
0.816
0.608
0.761
0.903
0.757
0.693
0.655
0.472
0.814
0.868
0.431
0.688
0.916
0.524
0.447
0.764
0.548
0.929
0.657
0.708
0.938
0.576
0.848
0.753
0.541
0.828
0.820
0.852
0.870
0.686
0.735
0.676
0.810
0.838
0.366
0.866
0.762
0.888
0.871
0.807
0.824
0.932
0.790
0.692
0.733
0.816
0.889
0.919
0.939
0.918
0.518
0.671
0.851
0.440
0.860
0.899
0.361
0.767
0.824
0.339
0.906
0.928
0.835
0.927
0.766
0.834
0.761
0.711
0.911
0.882
0.755
0.691
0.501
0.745
0.848
0.709
0.362
0.888
0.771
0.808
0.717
0.964
0.851
0.797
0.439
0.519
0.585
0.793
0.852
0.747
0.358
0.895
0.297
0.864
0.491
0.870
0.797
0.744
0.562
0.933
0.884
0.644
0.834
0.873
0.509
0.837
0.375
0.819
0.771
0.874
0.856
0.716
0.474
0.444
0.922
0.902
0.581
0.809
0.874
0.728
0.854
0.808
0.757
0.931
0.898
0.466
0.795
0.796
0.700
0.767
0.823
0.929
0.425
0.753
0.786
0.752
0.816
0.923
0.754
0.513
0.744
0.537
0.440
0.639
0.936
0.959
0.789
0.749
0.940
0.813
0.716
0.624
0.868
0.964
0.706
0.891
0.833
0.835
0.850
0.600
0.832
0.923
0.619
0.873
0.810
0.696
0.597
0.790
0.886
0.936
0.792
0.701
0.895
0.610
0.907
0.941
0.902
0.598
0.642
0.744
0.776
0.867
0.787
0.865
0.692
0.752
0.928
0.696
0.956
0.391
0.572
0.349
0.708
0.691
0.414
0.890
0.782
0.785
0.669
0.349
0.887
0.864
0.655
0.590
0.715
0.820
0.673
0.836
0.703
0.681
0.664
0.660
0.795
0.927
0.406
0.708
0.728
0.820
0.655
0.515
0.918
0.670
0.650
0.732
0.959
0.368
0.754
0.791
0.856
0.678
0.556
0.870
0.853
0.872
0.438
0.772
0.691
0.917
0.628
0.821
0.403
0.687
0.821
0.825
0.823
0.958
0.788
0.622
0.949
0.731
0.899
0.263
0.872
0.870
0.588
0.586
0.859
0.380
0.666
0.682
0.873
0.537
0.821
0.600
0.540
0.747
0.933
0.443
0.864
0.780
0.964
0.724
0.538
0.935
0.626
0.951
0.857
0.634
0.872
0.893
0.873
0.820
0.914
0.797
0.631
0.705
0.923
0.821
0.725
0.759
0.454
0.769
0.834
0.783
0.930
0.634
0.429
0.358
0.802
0.868
0.681
0.779
0.747
0.862
0.802
0.429
0.274
0.779
0.819
0.572
0.621
0.425
0.901
0.789
0.801
0.615
0.868
0.661
0.630
0.782
0.807
0.954
0.324
0.347
0.882
0.910
0.798
0.938
0.721
0.749
0.866
0.779
0.812
0.740
0.962
0.803
0.659
0.892
0.474
0.816
0.805
0.881
0.788
0.929
0.808
0.633
0.680
0.800
0.595
0.928
0.906
0.717
0.628
0.524
0.834
0.795
0.777
0.932
0.690
0.645
0.674
0.655
0.689
0.876
0.878
0.835
0.821
0.774
0.900
0.600
0.578
0.862
0.561
0.604
0.793
0.778
0.744
0.869
0.352
0.765
0.716
0.779
0.832
0.443
0.784
0.776
0.804
0.736
0.762
0.600
0.609
0.764
0.611
0.830
0.746
0.802
0.872
0.726
0.800
0.320
0.832
0.664
0.933
0.701
0.738
0.867
0.893
0.814
0.711
0.828
0.279
0.591
0.783
0.878
0.868
0.788
0.770
0.840
0.932
0.859
0.753
0.756
0.749
0.918
0.839
0.813
0.928
0.841
0.380
0.942
0.933
0.777
0.548
0.556
0.807
0.672
0.726
0.797
0.845
0.648
0.889
0.369
0.854
0.663
0.490
0.932
0.719
0.866
0.720
0.611
0.949
0.738
0.832
0.798
0.867
0.810
0.754
0.590
0.846
0.889
0.590
0.871
0.781
0.890
0.852
0.841
0.745
0.890
0.879
0.751
0.716
0.856
0.788
0.925
0.737
0.849
0.745
0.901
0.663
0.949
0.766
0.749
0.910
0.893
0.729
0.513
0.933
0.715
0.774
0.922
0.751
0.666
0.845
0.545
0.918
0.284
0.565
0.536
0.729
0.621
0.498
0.851
0.839
0.385
0.888
0.810
0.565
0.854
0.519
0.780
0.862
0.846
0.851
0.672
0.678
0.921
0.859
0.758
0.929
0.780
0.572
0.890
0.848
0.877
0.805
0.948
0.863
0.853
0.883
0.942
0.963
0.846
0.811
0.822
0.832
0.439
0.880
0.717
0.826
0.625
0.804
0.567
0.844
0.893
0.897
0.829
0.824
0.593
0.654
0.916
0.467
0.819
0.785
0.780
0.911
0.282
0.899
0.624
0.850
0.345
0.759
0.923
0.429
0.714
0.487
0.755
0.850
0.767
0.707
0.413
0.861
0.737
0.791
0.690
0.607
0.584
0.860
0.730
0.549
0.700
0.868
0.573
0.721
0.868
0.729
0.929
0.767
0.464
0.767
0.680
0.823
0.717
0.889
0.948
0.646
0.897
0.640
0.621
0.877
0.580
0.853
0.862
0.859
0.792
0.713
0.723
0.827
0.371
0.929
0.768
0.697
0.771
0.689
0.860
0.624
0.747
0.282
0.822
0.690
0.687
0.718
0.787
0.712
0.913
0.739
0.346
0.715
0.707
0.783
0.823
0.612
0.911
0.878
0.654
0.798
0.732
0.882
0.799
0.615
0.761
0.688
0.711
0.866
0.929
0.842
0.467
0.745
0.789
0.930
0.858
0.571
0.821
0.595
0.541
0.751
0.796
0.730
0.541
0.547
0.763
0.888
0.320
0.897
0.796
0.749
0.752
0.927
0.751
0.833
0.865
0.639
0.417
0.735
0.749
0.854
0.607
0.705
0.521
0.708
0.627
0.939
0.842
0.466
0.638
0.827
0.693
0.497
0.657
0.531
0.496
0.471
0.433
0.845
0.812
0.532
0.763
0.795
0.530
0.862
0.341
0.781
0.744
0.793
0.637
0.825
0.859
0.872
0.632
0.442
0.665
0.416
0.281
0.365
0.831
0.306
0.871
0.494
0.922
0.752
0.418
0.852
0.344
0.853
0.662
0.842
0.857
0.666
0.278
0.569
0.655
0.513
0.795
0.534
0.780
0.634
0.382
0.847
0.788
0.915
0.777
0.868
0.665
0.819
0.342
0.484
0.422
0.578
0.454
0.309
0.952
0.773
0.856
0.882
0.484
0.873
0.799
0.502
0.813
0.891
0.772
0.879
0.811
0.906
0.768
0.883
0.762
0.822
0.877
0.693
0.551
0.899
0.605
0.950
0.661
0.788
0.880
0.654
0.604
0.708
0.901
0.807
0.862
0.771
0.641
0.918
0.331
0.848
0.408
0.856
0.794
0.838
0.353
0.781
0.862
0.884
0.949
0.334
0.740
0.883
0.608
0.798
0.747
0.521
0.595
0.831
0.214
0.733
0.808
0.757
0.480
0.696
0.411
0.874
0.560
0.866
0.738
0.834
0.720
0.833
0.830
0.647
0.881
0.739
0.571
0.712
0.782
0.752
0.684
0.772
0.755
0.795
0.857
0.802
0.915
0.922
0.782
0.746
0.697
0.661
0.786
0.644
0.629
0.761
0.634
0.869
0.681
0.616
0.843
0.854
0.871
0.768
0.699
0.558
0.931
0.650
0.756
0.718
0.907
0.740
0.745
0.833
0.912
0.528
0.704
0.695
0.770
0.720
0.858
0.796
0.828
0.380
0.267
0.809
0.861
0.675
0.660
0.728
0.802
0.834
0.886
0.905
0.752
0.590
0.759
0.632
0.754
0.698
0.842
0.897
0.825
0.560
0.601
0.740
0.949
0.564
0.618
0.653
0.596
0.600
0.711
0.795
0.899
0.638
0.925
0.862
0.593
0.716
0.696
0.779
0.592
0.739
0.770
0.718
0.596
0.499
0.793
0.804
0.502
0.864
0.582
0.946
0.549
0.813
0.877
0.902
0.447
0.729
0.866
0.555
0.593
0.516
0.732
0.430
0.259
0.434
0.750
0.729
0.644
0.587
0.687
0.632
0.488
0.866
0.730
0.772
0.888
0.794
0.270
0.614
0.854
0.688
0.632
0.655
0.845
0.776
0.552
0.852
0.620
0.780
0.473
0.872
0.832
0.602
0.759
0.529
0.458
0.845
0.722
0.806
0.600
0.702
0.591
0.860
0.526
0.306
0.781
0.661
0.420
0.703
0.672
0.860
0.625
0.553
0.743
0.722
0.558
0.902
0.789
0.613
0.897
0.777
0.708
0.877
0.777
0.872
0.771
0.934
0.607
0.836
0.832
0.717
0.786
0.903
0.667
0.801
0.734
0.631
0.624
0.876
0.939
0.732
0.672
0.781
0.841
0.648
0.562
0.885
0.337
0.869
0.690
0.828
0.712
0.878
0.855
0.862
0.767
0.932
0.524
0.920
0.783
0.893
0.746
0.947
0.572
0.451
0.654
0.860
0.750
0.738
0.809
0.754
0.863
0.587
0.824
0.563
0.512
0.789
0.837
0.886
0.878
0.780
0.754
0.291
0.773
0.632
0.530
0.707
0.745
0.388
0.841
0.450
0.627
0.491
0.834
0.881
0.511
0.784
0.379
0.768
0.384
0.216
0.668
0.717
0.885
0.586
0.850
0.826
0.865
0.633
0.683
0.779
0.822
0.700
0.879
0.733
0.756
0.822
0.212
0.793
0.868
0.671
0.207
0.625
0.743
0.242
0.708
0.622
0.576
0.839
0.579
0.811
0.912
0.463
0.689
0.684
0.879
0.793
0.611
0.771
0.709
0.882
0.740
0.548
0.590
0.611
0.843
0.896
0.733
0.335
0.951
0.904
0.793
0.772
0.486
0.870
0.833
0.487
0.873
0.803
0.792
0.796
0.916
0.937
0.671
0.605
0.838
0.722
0.689
0.710
0.253
0.806
0.501
0.860
0.759
0.680
0.770
0.691
0.385
0.711
0.801
0.846
0.649
0.864
0.658
0.698
0.827
0.805
0.497
0.684
0.762
0.917
0.806
0.249
0.718
0.833
0.743
0.784
0.731
0.948
0.729
0.782
0.757
0.830
0.774
0.592
0.806
0.658
0.715
0.375
0.741
0.741
0.731
0.575
0.539
0.592
0.925
0.926
0.751
0.741
0.859
0.759
0.815
0.753
0.389
0.603
0.374
0.578
0.465
0.740
0.514
0.312
0.879
0.853
0.767
0.825
0.835
0.517
0.879
0.755
0.836
0.561
0.752
0.556
0.651
0.494
0.370
0.672
0.711
0.754
0.775
0.786
0.698
0.635
0.907
0.820
0.717
0.775
0.828
0.715
0.757
0.801
0.853
0.780
0.409
0.251
0.263
0.763
0.745
0.881
0.788
0.800
0.614
0.799
0.322
0.754
0.614
0.655
0.398
0.898
0.737
0.546
0.832
0.391
0.938
0.878
0.860
0.894
0.786
0.296
0.552
0.908
0.709
0.803
0.371
0.677
0.777
0.771
0.899
0.678
0.392
0.776
0.779
0.828
0.888
0.777
0.897
0.831
0.751
0.501
0.665
0.491
0.828
0.721
0.359
0.887
0.892
0.821
0.676
0.667
0.639
0.712
0.717
0.693
0.601
0.740
0.833
0.825
0.884
0.732
0.700
0.804
0.468
0.839
0.769
0.743
0.624
0.838
0.556
0.727
0.867
0.708
0.580
0.558
0.681
0.867
0.324
0.854
0.742
0.844
0.642
0.739
0.428
0.841
0.610
0.847
0.808
0.867
0.516
0.508
0.251
0.792
0.680
0.499
0.586
0.771
0.687
0.744
0.643
0.830
0.866
0.344
0.676
0.550
0.641
0.349
0.958
0.624
0.610
0.762
0.769
0.535
0.789
0.597
0.487
0.224
0.794
0.805
0.814
0.730
0.768
0.619
0.363
0.782
0.948
0.609
0.525
0.604
0.602
0.842
0.236
0.881
0.805
0.788
0.856
0.334
0.810
0.751
0.846
0.703
0.906
0.865
0.752
0.530
0.792
0.753
0.649
0.614
0.725
0.612
0.811
0.912
0.730
0.728
0.878
0.906
0.443
0.747
0.799
0.860
0.721
0.169
0.603
0.639
0.783
