0.970
0.977
0.980
0.982
0.960
0.970
0.964
0.980
0.983
0.985
0.966
0.974
0.977
0.985
0.945
0.953
0.983
0.974
0.979
0.987
0.973
0.988
0.990
0.984
0.989
0.989
0.971
0.987
0.984
0.985
0.981
0.968
0.985
0.987
0.984
0.975
0.976
0.951
0.962
0.950
0.961
0.983
0.968
0.986
0.966
0.947
0.972
0.961
0.978
0.970
0.983
0.974
0.972
0.990
0.979
0.989
0.965
0.958
0.984
0.978
0.988
0.971
0.984
0.969
0.983
0.972
0.983
0.979
0.974
0.977
0.976
0.969
0.982
0.972
0.985
0.967
0.979
0.980
0.973
0.968
0.970
0.985
0.983
0.987
0.979
0.966
0.981
0.978
0.971
0.973
0.975
0.974
0.973
0.982
0.968
0.965
0.977
0.978
0.964
0.971
0.964
0.955
0.988
0.977
0.973
0.980
0.977
0.971
0.972
0.973
0.946
0.983
0.974
0.974
0.963
0.978
0.964
0.973
0.983
0.982
0.964
0.972
0.983
0.963
0.969
0.960
0.976
0.976
0.957
0.987
0.981
0.961
0.978
0.970
0.987
0.979
0.965
0.971
0.957
0.945
0.970
0.974
0.967
0.972
0.978
0.973
0.960
0.986
0.971
0.965
0.956
0.979
0.988
0.972
0.954
0.968
0.977
0.982
0.965
0.980
0.976
0.976
0.975
0.978
0.956
0.963
0.973
0.965
0.965
0.974
0.977
0.982
0.962
0.975
0.960
0.981
0.979
0.978
0.981
0.981
0.981
0.981
0.977
0.963
0.986
0.987
0.977
0.961
0.978
0.978
0.987
0.983
0.971
0.951
0.978
0.946
0.982
0.967
0.978
0.952
0.971
0.973
0.985
0.968
0.976
0.962
0.969
0.977
0.980
0.957
0.983
0.969
0.972
0.960
0.959
0.975
0.941
0.970
0.976
0.973
0.984
0.976
0.967
0.978
0.981
0.964
0.979
0.979
0.966
0.983
0.974
0.962
0.958
0.982
0.988
0.981
0.983
0.980
0.970
0.974
0.969
0.972
0.973
0.971
0.974
0.965
0.972
0.979
0.972
0.971
0.980
0.982
0.972
0.971
0.975
0.961
0.972
0.987
0.984
0.986
0.947
0.984
0.978
0.964
0.985
0.961
0.978
0.971
0.956
0.976
0.983
0.971
0.954
0.973
0.981
0.974
0.978
0.978
0.984
0.980
0.965
0.987
0.974
0.981
0.972
0.976
0.961
0.972
0.962
0.960
0.973
0.973
0.980
0.971
0.924
0.950
0.979
0.978
0.979
0.965
0.980
0.981
0.966
0.981
0.978
0.959
0.982
0.971
0.983
0.973
0.967
0.984
0.980
0.977
0.983
0.977
0.966
0.963
0.964
0.985
0.969
0.974
0.982
0.974
0.967
0.965
0.959
0.980
0.981
0.965
0.955
0.982
0.973
0.976
0.981
0.969
0.978
0.969
0.977
0.957
0.981
0.988
0.977
0.976
0.975
0.977
0.953
0.965
0.973
0.976
0.990
0.973
0.964
0.975
0.990
0.974
0.967
0.969
0.968
0.982
0.978
0.967
0.974
0.967
0.969
0.989
0.981
0.984
0.973
0.986
0.980
0.978
0.949
0.961
0.964
0.980
0.976
0.978
0.982
0.988
0.970
0.977
0.983
0.966
0.968
0.984
0.973
0.973
0.977
0.980
0.975
0.983
0.982
0.976
0.982
0.961
0.963
0.975
0.959
0.973
0.955
0.975
0.975
0.970
0.971
0.973
0.949
0.953
0.973
0.976
0.977
0.959
0.957
0.970
0.963
0.965
0.974
0.971
0.981
0.968
0.975
0.984
0.973
0.981
0.967
0.960
0.985
0.977
0.970
0.958
0.975
0.961
0.976
0.941
0.980
0.970
0.975
0.982
0.966
0.970
0.981
0.981
0.956
0.980
0.982
0.969
0.979
0.973
0.978
0.977
0.972
0.970
0.979
0.985
0.950
0.963
0.975
0.960
0.977
0.981
0.966
0.968
0.950
0.977
0.949
0.984
0.983
0.965
0.982
0.981
0.978
0.979
0.973
0.977
0.986
0.974
0.967
0.945
0.970
0.966
0.988
0.975
0.976
0.973
0.988
0.966
0.976
0.957
0.958
0.959
0.977
0.955
0.974
0.972
0.970
0.964
0.988
0.977
0.965
0.982
0.965
0.968
0.967
0.965
0.965
0.964
0.962
0.956
0.958
0.978
0.984
0.976
0.982
0.954
0.967
0.961
0.980
0.976
0.960
0.979
0.984
0.979
0.974
0.953
0.967
0.986
0.974
0.954
0.972
0.960
0.984
0.978
0.977
0.975
0.973
0.968
0.984
0.977
0.985
0.971
0.970
0.981
0.976
0.967
0.965
0.984
0.985
0.964
0.980
0.976
0.965
0.958
0.971
0.957
0.971
0.977
0.966
0.965
0.981
0.985
0.969
0.972
0.958
0.965
0.979
0.965
0.982
0.983
0.968
0.983
0.979
0.962
0.950
0.975
0.985
0.982
0.987
0.983
0.961
0.966
0.969
0.969
0.973
0.979
0.977
0.969
0.976
0.974
0.982
0.982
0.978
0.981
0.979
0.980
0.978
0.964
0.975
0.983
0.986
0.980
0.982
0.977
0.976
0.985
0.952
0.969
0.987
0.986
0.969
0.974
0.959
0.973
0.962
0.967
0.984
0.982
0.979
0.977
0.983
0.958
0.970
0.963
0.955
0.966
0.969
0.976
0.981
0.967
0.967
0.974
0.981
0.973
0.974
0.974
0.966
0.983
0.980
0.969
0.981
0.967
0.982
0.970
0.984
0.953
0.982
0.971
0.982
0.952
0.982
0.961
0.964
0.973
0.976
0.962
0.964
0.983
0.972
0.976
0.970
0.971
0.971
0.973
0.961
0.965
0.984
0.935
0.970
0.979
0.966
0.971
0.982
0.973
0.970
0.966
0.952
0.979
0.958
0.972
0.983
0.965
0.968
0.978
0.976
0.957
0.984
0.944
0.977
0.981
0.964
0.973
0.986
0.964
0.978
0.960
0.970
0.972
0.962
0.964
0.967
0.966
0.956
0.963
0.973
0.967
0.987
0.977
0.978
0.964
0.978
0.970
0.964
0.969
0.977
0.973
0.978
0.969
0.978
0.982
0.976
0.977
0.961
0.961
0.975
0.983
0.964
0.972
0.984
0.978
0.957
0.966
0.969
0.961
0.972
0.974
0.977
0.951
0.982
0.969
0.954
0.977
0.978
0.960
0.982
0.975
0.979
0.967
0.979
0.979
0.986
0.955
0.978
0.974
0.953
0.965
0.954
0.966
0.979
0.978
0.955
0.970
0.976
0.968
0.960
0.975
0.984
0.950
0.973
0.962
0.959
0.974
0.984
0.968
0.980
0.964
0.961
0.967
0.973
0.957
0.978
0.985
0.985
0.973
0.969
0.984
0.966
0.977
0.968
0.964
0.967
0.984
0.982
0.977
0.981
0.977
0.979
0.970
0.972
0.971
0.963
0.959
0.977
0.968
0.961
0.960
0.974
0.968
0.956
0.967
0.966
0.974
0.982
0.981
0.986
0.985
0.967
0.974
0.970
0.957
0.971
0.962
0.953
0.977
0.980
0.970
0.968
0.976
0.977
0.965
0.950
0.972
0.973
0.973
0.959
0.970
0.944
0.971
0.983
0.957
0.977
0.972
0.972
0.966
0.983
0.971
0.977
0.965
0.980
0.975
0.955
0.965
0.984
0.985
0.968
0.969
0.980
0.979
0.974
0.953
0.981
0.977
0.978
0.961
0.961
0.975
0.981
0.968
0.963
0.970
0.978
0.980
0.989
0.973
0.958
0.983
0.968
0.961
0.920
0.974
0.972
0.970
0.983
0.968
0.979
0.965
0.977
0.966
0.976
0.976
0.977
0.978
0.951
0.976
0.966
0.966
0.966
0.967
0.947
0.979
0.972
0.964
0.971
0.969
0.972
0.949
0.980
0.950
0.984
0.975
0.969
0.958
0.980
0.985
0.971
0.974
0.982
0.975
0.959
0.983
0.979
0.975
0.975
0.962
0.977
0.976
0.967
0.957
0.968
0.974
0.980
0.984
0.950
0.983
0.963
0.969
0.974
0.975
0.975
0.964
0.981
0.968
0.980
0.962
0.969
0.967
0.970
0.979
0.983
0.977
0.968
0.966
0.969
0.968
0.981
0.980
0.978
0.975
0.975
0.985
0.969
0.978
0.966
0.972
0.958
0.977
0.969
0.980
0.969
0.980
0.980
0.980
0.974
0.969
0.975
0.970
0.973
0.930
0.979
0.968
0.967
0.977
0.951
0.961
0.967
0.979
0.958
0.977
0.954
0.977
0.938
0.956
0.975
0.962
0.971
0.963
0.970
0.981
0.981
0.947
0.960
0.960
0.977
0.985
0.959
0.949
0.973
0.975
0.960
0.951
0.955
0.970
0.975
0.965
0.980
0.958
0.979
0.959
0.978
0.978
0.961
0.978
0.978
0.969
0.983
0.980
0.961
0.959
0.967
0.968
0.969
0.946
0.982
0.972
0.969
0.974
0.959
0.975
0.966
0.969
0.979
0.966
0.952
0.976
0.964
0.979
0.984
0.983
0.973
0.956
0.969
0.977
0.974
0.974
0.958
0.971
0.971
0.967
0.976
0.973
0.961
0.980
0.978
0.978
0.975
0.971
0.980
0.974
0.955
0.957
0.964
0.976
0.986
0.959
0.975
0.974
0.979
0.971
0.976
0.978
0.986
0.986
0.960
0.976
0.967
0.973
0.982
0.974
0.975
0.977
0.978
0.982
0.965
0.981
0.974
0.984
0.962
0.976
0.944
0.962
0.978
0.972
0.982
0.976
0.974
0.953
0.950
0.971
0.969
0.973
0.957
0.982
0.968
0.980
0.981
0.957
0.977
0.975
0.978
0.971
0.977
0.973
0.966
0.976
0.968
0.971
0.961
0.981
0.962
0.955
0.976
0.978
0.972
0.985
0.973
0.968
0.964
0.980
0.962
0.986
0.969
0.962
0.982
0.949
0.976
0.973
0.964
0.977
0.970
0.966
0.970
0.954
0.964
0.978
0.970
0.969
0.965
0.981
0.977
0.955
0.974
0.972
0.962
0.983
0.959
0.979
0.976
0.976
0.937
0.961
0.961
0.959
0.966
0.971
0.971
0.965
0.981
0.966
0.976
0.961
0.965
0.962
0.971
0.970
0.975
0.970
0.959
0.972
0.974
0.967
0.963
0.976
0.974
0.971
0.934
0.980
0.973
0.965
0.954
0.964
0.974
0.965
0.974
0.941
0.949
0.973
0.955
0.942
0.962
0.950
0.971
0.960
0.978
0.957
0.961
0.974
0.980
0.937
0.981
0.975
0.958
0.972
0.979
0.977
0.984
0.976
0.984
0.981
0.968
0.964
0.983
0.970
0.955
0.964
0.964
0.971
0.961
0.968
0.955
0.973
0.963
0.966
0.978
0.985
0.959
0.972
0.978
0.991
0.980
0.956
0.961
0.977
0.969
0.969
0.962
0.988
0.940
0.948
0.959
0.980
0.972
0.960
0.979
0.979
0.978
0.978
0.969
0.980
0.976
0.979
0.982
0.948
0.968
0.942
0.980
0.949
0.961
0.942
0.957
0.974
0.984
0.979
0.957
0.946
0.978
0.969
0.971
0.946
0.974
0.978
0.973
0.974
0.942
0.981
0.963
0.982
0.978
0.961
0.977
0.969
0.981
0.978
0.985
0.968
0.975
0.980
0.961
0.940
0.949
0.977
0.960
0.943
0.975
0.951
0.956
0.974
0.969
0.955
0.976
0.986
0.973
0.974
0.975
0.976
0.979
0.976
0.964
0.978
0.976
0.980
0.964
0.972
0.981
0.967
0.964
0.952
0.960
0.964
0.951
0.979
0.974
0.982
0.988
0.977
0.960
0.977
0.978
0.967
0.970
0.985
0.965
0.971
0.971
0.977
0.986
0.987
0.957
0.967
0.973
0.984
0.977
0.957
0.977
0.948
0.974
0.973
0.972
0.970
0.986
0.968
0.974
0.978
0.980
0.972
0.976
0.977
0.963
0.947
0.979
0.975
0.975
0.963
0.961
0.984
0.965
0.955
0.981
0.978
0.977
0.970
0.961
0.970
0.975
0.952
0.983
0.975
0.978
0.967
0.977
0.979
0.969
0.974
0.965
0.955
0.971
0.958
0.966
0.969
0.969
0.979
0.955
0.968
0.946
0.969
0.944
0.961
0.974
0.962
0.979
0.959
0.974
0.947
0.965
0.947
0.975
0.977
0.981
0.938
0.981
0.969
0.965
0.968
0.965
0.977
0.978
0.963
0.959
0.970
0.976
0.977
0.952
0.940
0.980
0.957
0.970
0.945
0.957
0.982
0.984
0.963
0.974
0.960
0.950
0.966
0.985
0.970
0.964
0.982
0.976
0.963
0.974
0.956
0.954
0.979
0.971
0.971
0.953
0.956
0.979
0.980
0.954
0.961
0.976
0.978
0.971
0.947
0.945
0.969
0.969
0.972
0.967
0.973
0.971
0.975
0.974
0.954
0.982
0.969
0.977
0.970
0.961
0.981
0.965
0.973
0.959
0.981
0.969
0.955
0.963
0.981
0.963
0.973
0.970
0.967
0.947
0.976
0.965
0.948
0.966
0.974
0.971
0.968
0.943
0.966
0.971
0.969
0.975
0.966
0.976
0.948
0.968
0.966
0.964
0.980
0.983
0.977
0.974
0.962
0.972
0.967
0.981
0.967
0.977
0.966
0.976
0.972
0.975
0.973
0.970
0.959
0.976
0.981
0.971
0.960
0.964
0.964
0.970
0.974
0.964
0.972
0.963
0.979
0.962
0.966
0.942
0.980
0.960
0.970
0.961
0.974
0.971
0.980
0.981
0.960
0.967
0.982
0.974
0.974
0.970
0.966
0.974
0.985
0.984
0.950
0.953
0.981
0.987
0.964
0.983
0.981
0.986
0.974
0.944
0.981
0.973
0.984
0.978
0.971
0.952
0.979
0.971
0.984
0.954
0.977
0.960
0.948
0.982
0.948
0.982
0.978
0.976
0.973
0.977
0.976
0.979
0.963
0.959
0.977
0.976
0.976
0.943
0.975
0.952
0.975
0.967
0.968
0.969
0.963
0.969
0.966
0.972
0.958
0.972
0.970
0.967
0.964
0.972
0.965
0.977
0.981
0.957
0.972
0.969
0.970
0.976
0.959
0.974
0.948
0.954
0.973
0.980
0.966
0.964
0.959
0.953
0.984
0.964
0.954
0.967
0.944
0.944
0.975
0.966
0.979
0.965
0.980
0.978
0.974
0.963
0.968
0.980
0.961
0.971
0.973
0.961
0.971
0.950
0.960
0.978
0.977
0.962
0.969
0.948
0.959
0.968
0.970
0.977
0.975
0.968
0.976
0.973
0.965
0.970
0.955
0.973
0.975
0.979
0.961
0.983
0.959
0.968
0.969
0.944
0.956
0.974
0.979
0.980
0.957
0.968
0.982
0.974
0.976
0.979
0.972
0.973
0.964
0.976
0.958
0.970
0.941
0.953
0.971
0.981
0.985
0.973
0.958
0.968
0.983
0.974
0.981
0.963
0.959
0.969
0.955
0.975
0.968
0.963
