0.852
0.815
0.772
0.801
0.823
0.845
0.814
0.831
0.822
0.821
0.902
0.792
0.817
0.830
0.807
0.847
0.840
0.783
0.818
0.807
0.740
0.809
0.850
0.787
0.789
0.818
0.865
0.821
0.881
0.829
0.805
0.711
0.812
0.846
0.869
0.740
0.844
0.704
0.822
0.812
0.822
0.768
0.862
0.807
0.808
0.850
0.860
0.760
0.742
0.713
0.833
0.814
0.786
0.840
0.869
0.822
0.872
0.834
0.821
0.796
0.748
0.875
0.791
0.870
0.809
0.712
0.830
0.706
0.849
0.831
0.928
0.667
0.820
0.780
0.814
0.861
0.859
0.607
0.880
0.860
0.700
0.777
0.838
0.790
0.810
0.790
0.787
0.696
0.784
0.807
0.699
0.643
0.769
0.891
0.842
0.771
0.742
0.860
0.869
0.795
0.823
0.762
0.816
0.832
0.722
0.907
0.812
0.774
0.686
0.756
0.663
0.783
0.838
0.837
0.800
0.792
0.653
0.915
0.868
0.843
0.820
0.765
0.825
0.804
0.717
0.855
0.869
0.774
0.702
0.772
0.836
0.859
0.798
0.717
0.809
0.860
0.716
0.850
0.749
0.859
0.824
0.832
0.802
0.787
0.871
0.795
0.735
0.761
0.716
0.612
0.721
0.789
0.788
0.817
0.757
0.802
0.813
0.825
0.689
0.705
0.821
0.750
0.824
0.797
0.662
0.832
0.790
0.735
0.723
0.751
0.806
0.782
0.754
0.853
0.732
0.904
0.874
0.893
0.759
0.705
0.780
0.784
0.628
0.625
0.860
0.764
0.766
0.705
0.846
0.813
0.822
0.809
0.818
0.785
0.717
0.685
0.733
0.834
0.816
0.615
0.837
0.827
0.870
0.856
0.714
0.809
0.873
0.843
0.861
0.773
0.725
0.705
0.676
0.728
0.796
0.858
0.479
0.777
0.870
0.706
0.857
0.874
0.787
0.688
0.690
0.716
0.750
0.788
0.729
0.807
0.722
0.650
0.625
0.794
0.786
0.856
0.788
0.720
0.707
0.798
0.663
0.720
0.561
0.679
0.736
0.838
0.781
0.805
0.863
0.764
0.733
0.881
0.666
0.773
0.917
0.739
0.731
0.823
0.796
0.767
0.628
0.858
0.862
0.683
0.764
0.832
0.754
0.558
0.773
0.938
0.825
0.716
0.790
0.677
0.835
0.803
0.813
0.858
0.906
0.714
0.831
0.800
0.662
0.823
0.798
0.720
0.769
0.873
0.744
0.636
0.804
0.765
0.668
0.815
0.740
0.700
0.767
0.781
0.845
0.804
0.876
0.674
0.730
0.863
0.808
0.804
0.765
0.825
0.787
0.733
0.818
0.840
0.861
0.877
0.831
0.936
0.883
0.761
0.777
0.794
0.784
0.731
0.787
0.787
0.848
0.875
0.709
0.600
0.845
0.890
0.761
0.745
0.804
0.894
0.785
0.631
0.823
0.691
0.779
0.735
0.819
0.882
0.803
0.780
0.846
0.766
0.705
0.789
0.717
0.855
0.787
0.884
0.757
0.782
0.841
0.878
0.891
0.780
0.908
0.801
0.801
0.805
0.826
0.840
0.741
0.777
0.798
0.783
0.883
0.843
0.793
0.807
0.623
0.838
0.738
0.869
0.901
0.630
0.649
0.820
0.791
0.904
0.904
0.856
0.847
0.789
0.836
0.769
0.810
0.876
0.901
0.763
0.756
0.646
0.765
0.882
0.778
0.800
0.875
0.870
0.837
0.723
0.934
0.841
0.790
0.664
0.794
0.615
0.845
0.876
0.866
0.732
0.857
0.645
0.760
0.843
0.885
0.722
0.806
0.624
0.862
0.849
0.757
0.806
0.844
0.630
0.837
0.725
0.865
0.820
0.891
0.642
0.842
0.612
0.789
0.929
0.709
0.724
0.655
0.737
0.725
0.807
0.782
0.790
0.848
0.886
0.698
0.700
0.736
0.795
0.742
0.825
0.870
0.817
0.808
0.876
0.767
0.831
0.897
0.786
0.732
0.868
0.782
0.728
0.739
0.877
0.865
0.786
0.781
0.846
0.892
0.810
0.759
0.896
0.842
0.730
0.863
0.529
0.872
0.892
0.784
0.888
0.914
0.759
0.839
0.815
0.792
0.856
0.890
0.855
0.895
0.795
0.746
0.858
0.697
0.886
0.878
0.812
0.831
0.785
0.770
0.822
0.873
0.859
0.843
0.708
0.752
0.873
0.740
0.928
0.823
0.739
0.741
0.700
0.727
0.758
0.834
0.869
0.855
0.756
0.624
0.896
0.859
0.710
0.685
0.880
0.762
0.740
0.761
0.696
0.738
0.772
0.825
0.852
0.946
0.732
0.813
0.784
0.852
0.867
0.726
0.896
0.864
0.658
0.810
0.918
0.881
0.731
0.860
0.785
0.727
0.872
0.856
0.818
0.822
0.683
0.822
0.859
0.916
0.792
0.837
0.757
0.638
0.769
0.933
0.830
0.916
0.851
0.525
0.864
0.810
0.791
0.639
0.876
0.847
0.835
0.817
0.831
0.821
0.839
0.731
0.826
0.897
0.830
0.836
0.841
0.920
0.867
0.833
0.874
0.766
0.896
0.742
0.786
0.870
0.882
0.937
0.832
0.810
0.811
0.894
0.818
0.855
0.879
0.812
0.803
0.799
0.830
0.876
0.574
0.861
0.880
0.607
0.751
0.759
0.839
0.717
0.720
0.711
0.810
0.862
0.868
0.810
0.710
0.795
0.836
0.805
0.855
0.707
0.881
0.838
0.763
0.734
0.904
0.850
0.802
0.865
0.839
0.784
0.653
0.771
0.863
0.867
0.735
0.855
0.761
0.771
0.877
0.832
0.865
0.861
0.836
0.783
0.866
0.796
0.875
0.789
0.733
0.858
0.709
0.837
0.850
0.837
0.793
0.893
0.566
0.859
0.849
0.843
0.736
0.877
0.872
0.738
0.620
0.818
0.783
0.645
0.857
0.858
0.677
0.737
0.701
0.861
0.740
0.797
0.676
0.742
0.595
0.732
0.894
0.850
0.848
0.888
0.781
0.743
0.844
0.718
0.745
0.871
0.865
0.750
0.869
0.855
0.719
0.893
0.798
0.812
0.803
0.860
0.850
0.813
0.684
0.872
0.781
0.815
0.809
0.839
0.903
0.762
0.921
0.764
0.771
0.666
0.879
0.738
0.792
0.910
0.875
0.725
0.850
0.825
0.781
0.890
0.870
0.877
0.856
0.914
0.914
0.886
0.828
0.895
0.669
0.807
0.773
0.823
0.888
0.712
0.824
0.789
0.657
0.874
0.913
0.882
0.771
0.756
0.879
0.831
0.803
0.831
0.866
0.904
0.901
0.744
0.882
0.847
0.767
0.871
0.854
0.805
0.847
0.785
0.895
0.821
0.849
0.880
0.913
0.766
0.717
0.828
0.677
0.837
0.719
0.771
0.880
0.848
0.852
0.768
0.777
0.682
0.893
0.809
0.872
0.848
0.820
0.880
0.784
0.736
0.726
0.909
0.755
0.866
0.834
0.842
0.892
0.771
0.772
0.708
0.907
0.814
0.664
0.949
0.815
0.803
0.871
0.639
0.907
0.820
0.813
0.627
0.752
0.694
0.868
0.825
0.694
0.705
0.748
0.833
0.803
0.684
0.743
0.904
0.785
0.773
0.846
0.572
0.789
0.942
0.710
0.875
0.917
0.787
0.811
0.885
0.837
0.897
0.792
0.871
0.905
0.909
0.878
0.911
0.876
0.908
0.781
0.774
0.891
0.796
0.897
0.818
0.808
0.614
0.701
0.735
0.830
0.897
0.848
0.812
0.814
0.662
0.849
0.893
0.698
0.802
0.812
0.792
0.903
0.553
0.875
0.821
0.908
0.745
0.822
0.919
0.729
0.856
0.691
0.914
0.806
0.862
0.849
0.825
0.894
0.705
0.894
0.869
0.905
0.790
0.892
0.765
0.807
0.861
0.881
0.648
0.672
0.742
0.802
0.910
0.825
0.821
0.709
0.753
0.846
0.733
0.895
0.917
0.867
0.867
0.582
0.822
0.915
0.781
0.749
0.909
0.884
0.897
0.717
0.649
0.874
0.742
0.892
0.553
0.885
0.851
0.838
0.853
0.690
0.754
0.752
0.688
0.814
0.783
0.796
0.625
0.573
0.915
0.834
0.780
0.793
0.694
0.903
0.782
0.773
0.805
0.855
0.714
0.768
0.774
0.890
0.869
0.745
0.832
0.780
0.604
0.884
0.904
0.836
0.649
0.825
0.868
0.834
0.860
0.705
0.855
0.699
0.582
0.809
0.820
0.885
0.653
0.737
0.593
0.848
0.858
0.895
0.903
0.791
0.794
0.947
0.855
0.862
0.803
0.793
0.676
0.607
0.903
0.920
0.856
0.572
0.754
0.801
0.752
0.930
0.856
0.720
0.857
0.789
0.771
0.717
0.661
0.761
0.826
0.756
0.751
0.848
0.875
0.594
0.910
0.847
0.722
0.840
0.869
0.689
0.789
0.884
0.768
0.820
0.894
0.878
0.683
0.737
0.849
0.850
0.746
0.701
0.891
0.705
0.844
0.707
0.907
0.865
0.669
0.822
0.728
0.816
0.826
0.881
0.912
0.814
0.818
0.661
0.859
0.657
0.735
0.832
0.757
0.766
0.774
0.865
0.871
0.919
0.833
0.873
0.844
0.858
0.806
0.849
0.822
0.737
0.705
0.771
0.926
0.762
0.886
0.823
0.855
0.894
0.847
0.812
0.846
0.859
0.844
0.893
0.767
0.915
0.739
0.904
0.804
0.853
0.866
0.898
0.872
0.781
0.925
0.890
0.744
0.711
0.773
0.812
0.872
0.614
0.804
0.778
0.898
0.647
0.772
0.902
0.848
0.868
0.891
0.881
0.939
0.901
0.892
0.756
0.913
0.855
0.946
0.757
0.758
0.814
0.667
0.836
0.904
0.838
0.704
0.759
0.795
0.877
0.743
0.671
0.753
0.845
0.706
0.894
0.704
0.876
0.883
0.748
0.868
0.884
0.853
0.836
0.903
0.817
0.821
0.822
0.866
0.785
0.642
0.831
0.833
0.868
0.836
0.894
0.838
0.901
0.807
0.816
0.682
0.793
0.740
0.760
0.589
0.812
0.820
0.862
0.862
0.808
0.813
0.664
0.793
0.850
0.740
0.726
0.887
0.814
0.821
0.656
0.892
0.649
0.873
0.903
0.938
0.793
0.815
0.879
0.725
0.838
0.831
0.736
0.902
0.782
0.619
0.899
0.655
0.889
0.743
0.871
0.851
0.643
0.818
0.563
0.906
0.828
0.657
0.843
0.783
0.701
0.834
0.854
0.860
0.706
0.763
0.753
0.923
0.773
0.692
0.840
0.644
0.878
0.833
0.902
0.891
0.879
0.874
0.829
0.737
0.762
0.846
0.918
0.895
0.878
0.871
0.843
0.617
0.635
0.698
0.797
0.831
0.916
0.784
0.926
0.646
0.802
0.897
0.854
0.766
0.612
0.867
0.762
0.692
0.512
0.739
0.749
0.864
0.658
0.852
0.762
0.811
0.749
0.826
0.878
0.814
0.850
0.688
0.855
0.858
0.937
0.721
0.858
0.932
0.634
0.850
0.844
0.877
0.637
0.742
0.847
0.803
0.886
0.750
0.756
0.768
0.640
0.764
0.878
0.744
0.867
0.684
0.902
0.539
0.903
0.784
0.899
0.735
0.805
0.867
0.794
0.859
0.709
0.880
0.833
0.606
0.834
0.825
0.839
0.765
0.852
0.852
0.617
0.920
0.826
0.764
0.796
0.874
0.792
0.750
0.873
0.875
0.855
0.743
0.610
0.804
0.915
0.874
0.811
0.815
0.820
0.778
0.893
0.942
0.737
0.684
0.666
0.826
0.824
0.842
0.908
0.698
0.908
0.804
0.868
0.726
0.793
0.758
0.802
0.765
0.896
0.739
0.823
0.887
0.862
0.811
0.940
0.754
0.726
0.842
0.901
0.845
0.669
0.818
0.604
0.819
0.797
0.838
0.813
0.874
0.934
0.929
0.883
0.819
0.886
0.704
0.796
0.853
0.732
0.724
0.764
0.813
0.723
0.759
0.872
0.767
0.731
0.902
0.886
0.833
0.880
0.838
0.631
0.734
0.795
0.844
0.731
0.860
0.571
0.899
0.887
0.855
0.580
0.775
0.911
0.763
0.764
0.873
0.748
0.751
0.863
0.618
0.854
0.760
0.802
0.828
0.732
0.872
0.847
0.817
0.834
0.797
0.872
0.814
0.879
0.935
0.717
0.889
0.712
0.890
0.732
0.802
0.717
0.750
0.838
0.533
0.893
0.879
0.903
0.891
0.902
0.769
0.824
0.883
0.919
0.774
0.742
0.691
0.877
0.851
0.648
0.866
0.744
0.907
0.875
0.933
0.901
0.717
0.869
0.923
0.787
0.718
0.706
0.792
0.852
0.836
0.881
0.656
0.861
0.891
0.866
0.800
0.875
0.725
0.883
0.861
0.607
0.853
0.709
0.816
0.871
0.785
0.875
0.713
0.898
0.944
0.806
0.854
0.922
0.817
0.863
0.881
0.946
0.767
0.850
0.890
0.840
0.770
0.776
0.796
0.899
0.872
0.878
0.855
0.757
0.890
0.789
0.806
0.788
0.914
0.914
0.915
0.715
0.746
0.827
0.676
0.812
0.774
0.750
0.839
0.641
0.819
0.946
0.684
0.800
0.912
0.853
0.898
0.912
0.816
0.874
0.880
0.811
0.900
0.676
0.830
0.848
0.746
0.743
0.878
0.773
0.845
0.858
0.694
0.739
0.849
0.894
0.930
0.849
0.635
0.772
0.883
0.816
0.823
0.805
0.856
0.774
0.650
0.884
0.607
0.801
0.708
0.866
0.908
0.882
0.876
0.806
0.817
0.763
0.900
0.760
0.714
0.907
0.914
0.670
0.799
0.868
0.922
0.802
0.923
0.838
0.900
0.787
0.856
0.904
0.757
0.887
0.857
0.801
0.784
0.813
0.844
0.829
0.701
0.778
0.817
0.620
0.795
0.698
0.918
0.882
0.752
0.839
0.840
0.838
0.880
0.674
0.839
0.937
0.861
0.867
0.707
0.707
0.811
0.782
0.720
0.781
0.875
0.694
0.814
0.890
0.950
0.663
0.838
0.822
0.882
0.901
0.656
0.780
0.896
0.794
0.801
0.807
0.909
0.807
0.669
0.704
0.771
0.617
0.836
0.893
0.857
0.768
0.637
0.896
0.835
0.903
0.719
0.696
0.917
0.698
0.877
0.807
0.910
0.945
0.612
0.832
0.879
0.800
0.853
0.793
0.884
0.864
0.884
0.778
0.720
0.691
0.670
0.753
0.945
0.832
0.804
0.736
0.792
0.820
0.876
0.719
0.853
0.743
0.915
0.687
0.907
0.649
0.849
0.678
0.829
0.803
0.960
0.704
0.793
0.785
0.878
0.731
0.796
0.672
0.727
0.892
0.888
0.804
0.742
0.811
0.908
0.728
0.927
0.912
0.598
0.760
0.927
0.886
0.822
0.569
0.833
0.643
0.888
0.948
0.763
0.741
0.859
0.921
0.711
0.924
0.725
0.869
0.849
0.650
0.903
0.806
0.681
